0.37897249757759893
0.3948615727260828
0.42446492503186933
0.426122720399186
0.4375216282391663
0.36427051375643305
0.39051102049702985
0.37234733563761035
0.36063732297957596
0.40380527367802865
0.0929010145169196
0.0929010145169196
0.09290100044581062
0.0929010145169196
0.09290100044581062
0.09290100044581062
0.09290100044581062
0.09290100044581062
0.09290100044581062
0.09290100044581062
78502.70754007026
78502.70754007026
0.09290100044581062
0.09290100044581062
0.09290100044581062
0.09290076584568169
0.09290076584568169
0.09290076622725707
